TID	CS
1	49
2	35
3	355
4	25
6	137
7	19
8	613
9	954
10	5
11	963
12	289
13	94
14	41
15	541
16	14
19	829
21	70
23	128
24	78
25	485
27	11
28	165
30	10
32	2
33	2
35	597
36	484
37	10
38	45
39	5
41	18
42	337
43	369
47	496
48	214
49	13
50	251
51	959
52	399
54	71
55	379
56	534
57	89
59	81
61	583
62	170
63	61
64	68
65	457
68	166
69	177
70	26
71	109
72	1249
73	25
74	56
76	119
77	13
78	2
79	171
80	131
84	33
86	255
87	719
88	408
89	23
90	555
91	3
93	723
95	14
96	397
99	26
100	561
102	176
103	372
104	236
105	371
106	341
107	839
108	879
109	21
110	40
111	1
112	212
113	36
114	483
115	339
116	280
117	317
97	2
98	8
118	275
119	18
120	164
121	772
124	212
125	448
126	472
127	426
128	434
129	980
130	820
131	3
132	7
133	399
134	260
136	1038
137	854
138	327
139	9
140	64
142	84
143	142
144	252
145	52
146	123
148	119
149	75
150	57
153	7
154	4
155	548
156	1
157	126
160	22
161	34
162	7
163	336
164	3
165	1467
166	16
168	119
169	87
170	129
172	2
174	730
175	58
176	128
179	56
180	47
184	92
185	173
186	5
187	16
188	602
190	69
191	675
147	4
158	2
193	74
194	735
195	1
197	480
201	7
207	3
208	22
213	55
214	298
215	257
216	284
218	304
219	405
220	158
222	48
224	6
226	209
227	496
228	562
232	14
234	643
235	336
236	115
237	121
238	518
240	84
241	10
242	249
243	91
244	21
245	5
246	275
196	3
247	176
248	207
249	203
250	522
251	160
252	573
255	37
259	715
260	12
261	130
262	103
264	25
265	90
266	41
270	87
271	84
272	15
275	115
276	135
277	39
278	282
279	70
280	499
282	86
283	3
285	28
286	37
311	32
321	190
322	5
329	28
330	4
10001	2
10003	288
10004	9
10007	6
10008	80
10009	305
10010	24
10011	22
10012	56
10013	32
10014	270
10016	33
10019	21
10020	10
10022	3
10023	15
10024	7
10026	97
267	3
326	10
10027	113
10028	61
10029	13
10031	30
10032	48
10033	31
10034	162
10036	2
10040	91
10041	11
10043	7
10044	462
10045	76
10051	504
10052	11
10056	219
10057	112
10058	121
10059	26
10062	47
10069	9
10074	91
10075	60
10081	78
10083	94
10087	33
10088	5
10089	44
10090	1
10093	42
10094	29
10095	33
10096	14
10100	29
10101	26
10102	96
10103	5
10105	15
10108	63
10109	13
10113	66
10115	10
10116	80
10119	21
10120	170
10121	9
10123	3
10125	27
10127	9
10131	517
10133	39
10138	49
10139	67
10140	799
10141	18
10142	657
10143	55
10144	77
10147	33
10148	12
10149	20
10150	28
10151	12
10154	5
10158	7
10163	112
10167	64
10168	4
10170	131
10177	34
10178	16
10179	29
10183	296
10039	3
10068	2
10078	8
10110	7
10184	241
10185	102
10186	105
10187	46
10188	738
10189	54
10190	25
10193	438
10197	868
10198	156
10199	8
10200	65
10201	30
10205	10
10206	69
10207	117
10209	364
10210	14
10213	5
10216	419
10221	1
10222	44
10223	22
10226	10
10227	14
10230	7
10233	3
10234	3
10235	126
10244	111
10245	37
10247	18
10250	141
10252	1
10253	2
10254	4
10258	163
10260	337
10262	368
10264	143
10266	646
10273	146
10274	297
10275	45
10276	14
10277	428
10278	50
10279	5
10280	560
10283	2
10285	5
10287	13
10290	3
10292	3
10294	150
10296	3
10297	47
10298	43
10300	8
10303	2
10304	425
10307	8
10308	12
10309	49
10310	6
10311	7
10312	7
10315	314
10208	2
10218	4
10257	6
10288	4
10320	45
10323	37
10324	7
10328	44
10329	141
10330	84
10331	104
10332	103
10338	13
10341	4
10342	7
10346	21
10347	4
10348	16
10351	11
10352	13
10353	12
10354	3
10355	8
10356	24
10358	126
10360	75
10364	50
10368	442
10371	112
10372	12
10373	17
10378	310
10381	3
10394	12
10396	373
10397	24
10401	7
10402	28
10403	387
10407	65
10410	33
10412	2
10417	264
10420	26
10424	15
10426	15
10427	8
10429	21
10434	836
10436	56
10437	81
10438	189
10439	42
10441	56
10442	46
10443	190
10444	32
10445	103
10449	28
10450	65
10452	183
10453	17
10454	32
10455	10
10456	8
10457	92
10458	49
10459	14
10460	91
10461	8
10462	14
10463	20
10464	18
10466	31
10467	25
10468	12
10469	13
10472	141
10473	166
10474	3
10475	387
10477	316
10478	114
10480	39
10483	29
10485	7
10489	12
10493	32
10494	98
10495	414
10496	35
10497	23
10498	431
10501	95
10502	441
10399	3
10476	16
10486	11
10487	2
10503	36
10505	19
10506	5
10509	3
10511	78
10513	1
10514	49
10515	29
10517	161
10520	56
10526	452
10527	124
10528	35
10529	577
10530	15
10531	477
10532	407
10533	28
10535	24
10536	19
10537	34
10538	7
10539	7
10540	85
10541	54
10542	88
10543	3
10544	62
10545	6
10547	169
10548	210
10549	214
10550	16
10551	51
10552	6
10553	130
10554	17
10558	8
10559	52
10560	9
10561	27
10563	5
10564	9
10565	3
10567	25
10574	90
10575	40
10576	835
10577	191
10578	35
10579	133
10580	324
10518	5
10582	99
10583	38
10584	96
10585	6
10586	12
10587	6
10588	81
10589	3
10593	29
10594	132
10595	26
10599	230
10600	20
10602	79
10604	3
10607	78
10608	125
10612	470
10613	67
10614	67
10616	67
10617	110
10618	93
10619	2
10620	63
10621	45
10622	4
10623	105
10624	283
10625	20
10626	12
10627	500
10628	30
10630	30
10634	14
10635	270
10639	2
10642	2
10647	290
10648	11
10649	7
10651	126
10653	142
10654	75
10656	66
10657	7
10658	9
10659	114
10664	15
10665	5
10666	81
10667	211
10669	33
10670	78
10673	7
10674	137
10675	19
10676	11
10677	47
10678	9
10679	103
10682	8
10684	51
10685	87
10686	6
10687	2
10688	29
10689	4
10691	8
10692	98
10693	9
10694	185
10695	527
10696	485
10697	65
10698	4
10701	29
10702	89
10703	6
10706	11
10709	34
10711	57
10717	12
10728	75
10730	3
10732	45
10733	190
10734	3
10736	2
10738	58
10739	33
10741	11
10742	30
10743	1
10744	1
10745	8
10747	9
10748	2
10750	12
10751	357
10752	467
10756	49
10759	32
10763	10
10764	29
10765	22
10766	50
10767	14
10768	24
10769	25
10773	113
10777	5
10778	114
10781	694
10782	139
10784	14
10785	20
10790	13
10791	21
10792	31
10794	2
10796	83
10797	28
10803	34
10805	10
10806	45
10808	78
10809	194
10810	7
10811	594
10813	16
10814	61
10818	11
10819	22
10824	14
10825	11
10827	3
10832	10
10834	7
10839	670
10841	146
10842	403
10844	149
10845	40
10849	634
10850	366
10851	20
10856	76
10857	47
10862	21
10868	11
10869	147
10871	18
10872	12
10874	7
10876	14
10878	272
10879	4
10880	490
10881	14
10885	463
10886	9
10887	9
10889	15
10892	108
10900	10
10901	331
10903	154
10904	235
10906	451
10907	560
10908	12
10909	60
10910	3
10911	53
10913	3
10914	10
10918	443
10919	230
10920	1
10925	4
10926	33
10927	107
10928	50
10929	165
10930	182
10636	2
10705	3
10707	4
10799	2
10804	38
10836	3
10853	2
10854	2
10931	9
10938	721
10939	114
10945	51
10946	9
10948	21
10949	3
10950	210
10952	6
10954	7
10955	4
10957	33
10958	43
10959	26
10960	35
10961	71
10962	8
10963	8
10964	44
10965	1
10967	124
10970	404
10971	136
10972	11
10977	29
10978	2
10979	570
10980	1083
10981	98
10982	139
10983	57
10984	10
10985	44
10989	61
10991	47
10992	18
10993	1
10994	4
10997	18
10999	4
11000	11
11002	6
11003	268
11004	89
11005	22
11006	259
11007	5
11009	16
11010	22
11013	5
11016	89
11017	549
11018	343
11019	349
11024	428
11027	6
11028	3
11029	2
11030	2
11031	78
11033	12
11034	3
11035	75
11036	122
11037	367
11038	8
11039	224
11042	92
11043	29
11044	25
11045	7
11046	311
11047	123
11049	10
11053	4
11054	145
11055	36
11056	36
11058	40
11060	141
11061	96
11063	131
11066	8
11067	1
11068	7
11080	14
11081	427
11082	637
11084	176
11085	137
11087	2
11088	39
11089	25
11090	19
11092	38
11094	48
11096	56
11097	48
11098	13
11099	2
11102	7
11104	29
11105	375
11107	44
11108	3
11109	417
11110	209
11111	5
11112	101
11113	50
11114	43
11115	13
11117	34
11118	11
11119	87
11120	55
11125	8
11126	7
11134	86
11138	24
11140	653
10932	2
10951	4
10956	19
11064	11
11141	17
11142	31
11149	532
11150	118
11152	36
11153	9
11154	225
11156	216
11158	10
11159	4
11160	273
11162	4
11163	42
11164	4
11165	39
11168	27
11170	2
11173	5
11174	13
11176	35
11177	434
11179	9
11180	148
11184	65
11185	4
11186	5
11188	25
11189	13
11191	13
11192	98
11195	20
11196	2
11199	38
11200	3
11202	17
11203	134
11204	36
11205	13
11206	141
11208	127
11209	124
11212	6
11213	216
11214	55
11215	2
11221	79
11223	24
11225	371
11226	7
11227	6
11228	9
11229	33
11230	25
11231	46
11232	126
11234	4
11235	21
11236	4
11238	7
11239	34
11241	1
11242	509
11143	7
11169	16
11237	6
11243	59
11249	19
11250	17
11251	34
11254	19
11255	4
11257	6
11260	63
11261	320
11262	20
11265	299
11267	77
11269	138
11272	414
11274	4
11275	10
11279	162
11280	315
11281	42
11282	18
11286	72
11287	49
11288	382
11289	245
11290	294
11291	271
11292	6
11293	4
11294	3
11296	84
11298	13
11299	55
11300	278
11302	4
11303	2
11305	15
11307	200
11308	34
11316	4
11320	140
11324	13
11325	3
11326	3
11327	6
11328	3
11329	8
11330	2
11336	317
11337	5
11343	34
11344	2
11346	43
11352	6
11353	20
11354	1
11356	18
11357	2
11359	150
11360	13
11361	111
11362	517
11364	490
11365	999
11377	12
11379	324
11382	120
11384	2
11387	26
11390	54
11391	11
11392	12
11395	64
11396	60
11398	341
11399	196
11259	6
11277	7
11313	7
11318	2
11400	406
11401	3
11402	78
11403	10
11405	2
11406	16
11407	619
11408	466
11409	444
11410	5
11413	6
11414	41
11415	94
11416	26
11418	7
11421	12
11423	7
11426	138
11427	71
11430	222
11431	12
11433	5
11440	47
11441	37
11442	129
11444	5
11446	12
11447	38
11450	8
11451	764
11452	35
11453	42
11454	2
11458	4
11461	1
11462	7
11463	13
11464	2
11471	4
11472	324
11473	354
11476	32
11480	132
11483	39
11487	6
11488	66
11489	388
11490	29
11491	8
11492	17
11498	83
11499	8
11500	34
11502	3
11504	2
11505	15
11507	76
11512	121
11514	3
11515	13
11517	69
11518	14
11520	57
11521	332
11522	274
11523	169
11524	113
11530	32
11531	49
11533	15
11534	370
11535	136
11536	232
11538	47
11539	16
11540	50
11541	135
11542	6
11546	7
11547	2
11551	6
11553	2
11555	4
11556	38
11558	15
11559	9
11560	46
11562	212
11564	2
11565	129
11567	50
11569	139
11570	1
11572	2
11573	299
11574	73
11575	285
11578	11
11579	10
11580	5
11581	25
11582	4
11583	25
11584	13
11588	5
11589	31
11590	10
11591	3
11592	4
11593	17
11594	15
11596	102
11597	13
11598	18
11599	12
11600	15
11601	7
11602	18
11603	14
11604	2
11606	19
11607	26
11615	12
11617	229
11618	18
11619	7
11622	379
11624	182
11626	353
11627	168
11628	19
11443	5
11528	12
11605	4
11629	373
11631	301
11632	30
11633	20
11634	133
11635	415
11636	253
11637	126
11638	559
11639	193
11643	11
11645	4
11652	8
11653	53
11654	3
11659	4
11661	2
11663	402
11666	2
11668	27
11670	14
11676	14
11677	166
11678	755
11680	133
11682	142
11683	19
11684	93
11685	77
11690	6
11691	391
11692	29
11694	35
11695	11
11696	13
11709	4
11710	3
11711	2
11712	19
11716	4
11717	15
11718	9
11720	505
11722	46
11723	50
11726	48
11727	183
11729	26
11731	4
11736	312
11737	7
11740	2
11742	10
11744	5
11748	114
11749	18
11751	40
11752	473
11754	7
11755	537
11756	7
11757	244
11758	51
11759	27
11760	4
11762	48
11765	10
11766	39
11770	4
11771	6
11774	5
11775	3
11780	23
11781	3
11784	41
11785	225
11787	19
11797	68
11802	16
11806	15
11807	4
11810	18
11811	33
11814	8
11815	22
11816	2
11821	12
11827	38
11831	25
11832	20
11835	7
11836	13
11837	8
11839	33
11840	13
11842	459
11843	116
11845	11
11847	15
11848	24
11854	3
11858	8
11861	2
11862	254
11863	69
11864	9
11866	18
11867	7
11868	332
11869	244
11870	153
11871	151
11872	370
11873	141
11881	8
11882	39
11888	4
11890	26
11891	82
11894	21
11895	4
11896	15
11897	7
11898	12
11899	32
11902	544
11904	36
11907	81
11908	114
11909	15
11910	114
11912	131
11913	16
11919	304
11920	32
11922	39
11923	133
11924	56
11925	127
11926	420
11929	11
11930	78
11931	7
11934	2
11938	13
11939	394
11940	17
11941	152
11942	213
11943	8
11944	320
11947	9
11949	27
11950	24
11959	15
11965	22
11966	36
11967	11
11968	140
11969	552
11975	3
11977	23
11978	198
11979	4
11987	8
11989	25
11997	26
12000	105
12005	2
12012	28
12013	61
12014	13
12016	1
12017	15
12018	3
12019	90
12020	69
12021	39
12023	94
12026	21
12028	21
12029	8
12030	152
12037	115
12038	159
12046	20
12049	7
12050	216
12051	27
12052	10
12054	108
12056	17
12060	8
12067	132
12071	616
12074	10
12075	4
12076	213
12077	21
12078	38
12081	9
12082	3
12083	30
12088	100
12090	590
12097	245
12100	20
12102	16
12103	93
12104	56
12109	93
12114	83
12118	7
12119	12
12127	7
12128	104
12129	16
12130	7
12131	36
11892	1
11915	1
11921	6
12132	6
12133	4
12135	30
12136	11
12146	4
12155	3
12158	7
12159	86
12160	7
12161	69
12162	30
12163	127
12166	333
12167	342
12169	46
12170	36
12171	100
12172	3
12173	53
12178	2
12179	104
12180	4
12181	2
12186	19
12197	4
12198	680
12199	12
12200	43
12202	20
12203	6
12209	233
12214	207
12216	5
12226	167
12227	238
12229	108
12230	14
12232	62
12235	10
12236	140
12238	24
12239	161
12240	33
12241	18
12243	5
12244	9
12247	592
12252	606
12261	664
12262	8
12263	34
12264	9
12265	101
12268	328
12272	3
12274	24
12275	7
12276	121
12282	7
12283	77
12291	36
12294	102
12295	8
12296	5
12298	36
12299	22
12301	6
12302	2
12311	12
12327	35
12336	9
12345	24
12347	8
12363	3
12364	7
12366	49
12371	10
12376	85
12378	64
12384	1
12387	28
12388	240
12390	15
12391	9
12392	3
12394	9
12395	29
12396	44
12399	16
12405	21
12406	24
12407	16
12353	1
12408	2
12409	25
12411	60
12412	7
12413	29
12415	301
12420	2
12425	370
12426	7
12434	10
12436	25
12440	7
12443	79
12447	3
12448	69
12449	44
12450	6
12451	7
12452	6
12453	205
12454	7
12456	323
12457	8
12459	3
12464	184
12469	61
12470	8
12471	166
12472	2
12474	202
12475	10
12476	190
12478	19
12479	8
12480	44
12482	22
12483	10
12485	45
12487	2
12488	8
12500	28
12502	95
12504	13
12506	14
12507	72
12508	6
12511	35
12512	488
12514	293
12515	11
12516	4
12517	1
12518	66
12523	2
12525	7
12528	4
12536	79
12538	13
12543	196
12545	25
12546	41
12547	10
12553	6
12566	128
12567	11
12568	102
12569	164
12570	23
12571	1
12572	1
12573	2
12576	370
12577	8
12578	12
12579	23
12583	4
12584	9
12585	6
12587	102
12588	5
12589	5
12591	3
12592	504
12593	22
12594	618
12598	20
12608	22
12614	10
12615	40
12619	16
12620	36
12622	152
12627	383
12630	3
12632	5
12633	6
12635	46
12640	47
12641	20
12642	55
12643	91
12644	22
12648	10
12649	3
12651	280
12652	8
12654	12
12657	48
12659	188
12661	33
12665	431
12666	768
12669	56
12670	714
12673	32
12677	2
12678	3
12679	88
12683	105
12685	5
12687	504
12688	98
12689	211
12690	84
12692	2
12694	457
12697	355
12698	6
12699	412
12700	31
12702	9
12703	65
12704	20
12705	6
12708	140
12709	3
12710	2
12711	3
12712	4
12713	5
12715	1
12717	9
12718	103
12719	24
12721	21
12723	57
12724	573
12725	43
12729	3
12731	5
12732	5
12733	4
12735	366
12737	36
12738	192
12739	20
12741	25
12742	307
12743	6
12744	59
12748	3
12751	7
12752	15
12753	17
12754	176
12755	22
12757	29
12758	4
12761	26
12763	5
12770	38
12780	125
12783	10
12784	2
12786	277
12414	4
12458	5
12505	10
12510	5
12605	4
12674	2
12693	5
12720	9
12722	4
12787	9
12788	31
12789	83
12793	32
12795	40
12801	7
12802	95
12804	4
12806	119
12807	53
12808	2
12809	41
12810	10
12811	7
12812	4
12818	28
12819	3
12821	20
12822	11
12823	15
12824	237
12825	192
12828	118
12829	338
12830	8
12831	40
12832	224
12838	5
12839	12
12840	611
12841	3
12845	18
12847	110
12848	3
12850	3
12851	19
12853	33
12854	46
12855	29
12856	5
12857	9
12860	2
12861	97
12862	141
12863	9
12864	5
12865	254
12866	38
12867	12
12868	9
12869	7
12877	14
12879	148
12883	46
12886	82
12887	38
12891	6
12894	183
12895	146
12896	118
12898	5
12899	69
12900	45
12906	20
12907	13
12908	13
12909	57
12910	176
12911	851
12912	595
12913	291
12914	21
12915	311
12919	115
12920	164
12921	15
12923	73
12930	33
12932	4
12933	12
12936	4
12938	41
12939	4
12942	3
12943	65
12944	457
12945	17
12946	249
12947	574
12948	24
12949	150
12950	23
12951	5
12952	315
12955	122
12956	34
12959	106
12962	11
12964	4
12965	25
12967	830
12968	276
12970	8
12971	86
12973	2
12977	1
12978	10
12983	423
12984	6
12992	5
12995	6
12998	42
12999	16
13000	577
13001	732
13004	203
13005	57
13008	28
13010	84
13018	14
13023	5
13024	11
13025	10
13028	3
13029	3
13030	11
13031	20
13049	9
13053	77
13054	8
13055	87
13056	24
13061	517
12790	14
12791	7
12844	6
12966	3
13064	42
13067	150
13068	14
13070	3
13071	8
13074	21
13076	19
13077	486
13079	12
13081	9
13082	5
14000	8
14037	1093
14042	2
14043	13
14044	104
14065	3
14069	18
14070	21
14071	19
14073	9
17000	6
17005	61
17007	12
17010	4
17015	2
17017	2
17018	372
17019	33
17021	83
17022	5
17023	13
17024	126
17025	38
17027	9
17028	29
17031	9
17033	51
17034	49
17035	4
17036	4
17039	86
17041	3
17045	1152
17047	236
17048	2
17049	16
17050	5
17052	24
17054	46
17056	46
17057	3
17058	154
17060	2
17061	87
17063	17
17065	16
17066	148
17067	10
17068	13
17069	16
17070	13
17071	17
17073	125
17074	144
17075	26
17076	26
17077	21
17078	4
17080	194
17081	85
17084	565
17085	494
17086	21
17087	28
17089	9
17091	5
17092	7
17093	15
17095	18
17096	53
17099	7
17100	126
17101	3
17102	4
17105	3
17106	51
17107	84
17110	24
17111	10
17112	1
17113	3
17115	14
17117	22
17118	6
17120	135
17040	5
17042	17
17121	62
17123	1
17124	12
17125	21
17128	16
17130	30
17131	9
17134	16
17139	1
17140	41
17141	1
17142	9
17143	3
17144	14
17145	10
17147	17
17154	2
18006	6
18007	14
18008	4
18010	15
18011	15
18013	22
18014	21
18016	5
18025	11
18032	13
18033	141
18035	13
18036	86
18037	6
18038	4
18040	53
18043	21
18044	29
18046	75
18058	8
18061	227
18064	9
18065	8
18070	14
18071	4
18072	43
18075	10
18078	1
18079	6
18080	39
18082	6
19600	9
19601	3
19605	7
19606	2
19607	51
19609	19
19610	4
19623	372
19624	15
19632	4
19634	12
19636	6
19637	3
19639	433
19642	12
19645	4
19646	3
19649	3
19650	5
19654	2
19657	4
19661	2
19663	2
19665	4
19666	19
19672	30
19674	3
19683	47
19684	4
19689	98
19690	8
19699	44
19702	7
19704	29
19887	2
19900	5
19901	3
19903	32
19904	215
19905	508
19910	1
20001	6
20003	8
20004	4
20006	6
20007	380
20008	17
20009	13
20012	56
20013	5
20014	767
20015	273
20016	3
20018	6
20019	3
20020	116
20022	6
20023	29
20024	6
20025	116
20027	9
20031	26
20032	41
20033	124
20034	10
20035	65
20036	13
20037	4
20042	75
20044	7
20045	2
20046	2
20052	20
20053	13
20056	48
20057	29
20059	16
20060	14
20062	13
20064	18
20065	1
20068	4
20069	14
20072	10
20073	107
20075	81
20076	2
20079	7
20080	4
20083	25
20084	12
20085	108
20086	23
20088	15
20091	14
20092	172
20095	124
20096	6
20097	16
20099	16
20104	36
20105	42
20106	5
20107	4
20108	15
20109	31
20110	32
20111	43
20112	79
20113	147
20115	7
20116	8
20117	5
20119	5
20120	13
20121	1
20122	31
20123	8
20126	63
20127	147
20128	55
20129	5
20130	311
20131	214
20132	19
20133	2
20134	11
20137	59
20139	62
20143	23
20144	4
20145	25
20148	13
20150	3
20151	384
20152	7
20153	21
20154	311
20155	4
20156	6
20157	36
20158	60
20159	7
20162	64
20163	4
20164	7
20165	7
20166	90
20168	115
20171	133
20172	1
20174	228
20177	6
20179	3
30000	114
30001	386
30002	365
30003	420
30004	115
30005	114
30006	114
30007	335
30008	421
30009	126
30010	115
30011	131
30012	335
30013	161
30014	483
30015	127
30016	129
30017	511
30018	484
30019	116
30020	122
30021	122
30022	113
30023	325
30024	116
30025	415
30026	342
30027	116
30028	324
30029	114
30030	112
30031	111
30032	135
30033	115
30034	145
30035	375
30036	541
30037	391
30038	126
30039	7
30040	113
30041	112
30042	113
30043	471
30044	112
30045	354
30046	113
30047	112
30048	112
30049	382
30050	112
30051	9
100000	85
100001	49
100004	11
100005	38
100006	42
100007	16
100008	51
100009	96
100010	239
100018	9
100027	19
100029	11
100030	19
100033	3
100034	30
100036	45
100037	18
100042	8
100044	452
100052	25
100058	8
100063	60
100067	8
100068	2
100069	321
100070	5
100071	123
100073	3
100074	3
100075	134
100077	384
100079	524
100080	516
100083	6
100097	477
100098	194
100100	45
100101	20
100103	8
100104	5
100107	9
100108	16
100115	1
100117	31
100120	12
100121	7
100122	6
100123	4
100124	6
100126	306
100127	132
100128	10
100129	217
100137	4
100138	13
100139	3
100140	418
100141	1
100142	12
100143	5
100144	30
100145	31
100146	31
100147	19
100151	38
100154	7
100155	71
17149	5
18077	2
19655	9
19907	6
20067	11
20081	3
20094	3
100156	5
100157	17
100158	2
100159	18
100160	1
100163	10
100166	209
100168	64
100171	41
100175	1
100176	4
100177	9
100178	4
100179	3
100186	145
100193	57
100194	8
100198	17
100199	14
100200	6
100202	5
100205	10
100209	5
100211	38
100216	6
100217	172
100218	9
100220	10
100223	17
100224	1
100225	17
100226	22
100229	10
100234	16
100236	2
100237	2
100238	4
100240	7
100241	11
100244	13
100245	5
100246	5
100247	18
100248	17
100249	4
100264	26
100267	16
100270	4
100271	347
100277	7
100278	6
100279	2
100282	10
100286	11
100287	19
100288	11
100290	34
100293	15
100300	6
100301	7
100302	6
100303	9
100304	142
100305	23
100306	1
100307	6
100308	10
100309	5
100312	22
100314	7
100322	1
100323	12
100324	6
100325	70
100326	3
100327	1
100331	5
100334	6
100335	7
100338	24
100339	32
100340	22
100341	20
100342	14
100410	353
100411	329
100412	451
100413	501
100414	104
100415	416
100416	134
100417	539
100418	114
100419	1
100420	1
100421	5
100422	1
100423	5
100424	123
100425	18
100426	24
100427	29
100428	2
100429	30
100430	34
100431	103
100432	212
100433	6
100434	5
100435	12
100436	69
100442	8
100444	13
100445	2
100446	39
100447	125
100448	147
100449	7
100450	31
100452	46
100453	8
100454	15
100455	11
100456	50
100457	12
100459	222
100463	6
100464	12
100465	6
100466	1
100467	34
100468	618
100473	15
100474	18
100475	14
100476	26
100477	2
100478	13
100479	17
100480	11
100481	97
100482	2
100483	12
100484	16
100485	43
100486	45
100568	6
100569	3
100570	3
100571	4
100574	3
100576	3
100577	11
100578	42
100579	145
100586	3
100588	56
100590	8
100591	22
100594	78
100596	46
100597	8
100598	2
100599	13
100600	40
100602	48
100603	1
100604	1
100607	10
100609	11
100610	83
100611	10
100613	21
100616	8
100617	2
100619	6
100620	2
100621	3
100622	18
100624	31
100625	7
100626	19
100627	243
100628	2
100629	9
100630	5
100631	2
100633	19
100635	6
100637	28
100638	3
100639	122
100640	13
100641	2
100642	3
100643	122
100644	2
100645	7
100647	2
100648	1
100649	3
100650	10
100651	7
100653	5
100655	3
100658	3
100659	14
100660	9
100663	12
100664	126
100665	3
100666	42
100668	29
100669	13
100670	4
100671	20
100674	12
100675	100
100676	2
100678	9
100679	18
100681	9
100683	5
100684	3
100685	3
100686	138
100771	26
100772	8
100774	5
100775	5
100776	18
100777	7
100778	5
100779	2
100780	6
100781	25
100783	10
100785	19
100787	14
100788	190
100789	374
100790	133
100792	36
100793	3
100794	6
100795	4
100796	18
100797	38
100798	3
100799	31
100800	6
100801	7
100803	26
100804	26
100805	4
100806	2
100817	14
100818	3
100823	21
100824	113
100825	4
100826	13
100827	117
100828	79
100829	7
100831	2
100833	114
100834	382
100835	132
100836	112
100843	11
100845	421
100846	4
100847	3
100848	28
100849	1
100850	115
100851	302
100852	374
100853	111
100854	350
100855	428
100856	312
100857	103
100858	8
100859	18
100860	38
100861	54
100862	35
100863	112
100864	12
100865	13
100866	6
100867	41
100868	12
100869	5
100871	16
100872	169
100873	10
100874	29
100875	29
100877	18
100878	47
100895	15
100904	15
100905	6
100906	111
100907	112
100908	117
100909	115
100910	9
100911	603
100912	476
100914	112
100917	118
100918	116
100920	2
100921	2
100922	5
100923	1
100924	3
100925	111
100926	28
100927	31
100928	5
100929	21
100930	6
100931	138
100932	5
100933	44
100934	4
100935	37
100939	5
100940	1
100942	8
100943	1
100944	39
100946	17
100947	481
100948	139
100949	118
100951	113
100952	36
100954	42
100956	11
100959	6
100960	23
100962	28
100965	8
100966	3
100968	105
100969	111
100974	107
100975	111
100976	111
100978	1
100979	24
100980	1
100981	5
100983	5
100984	94
100985	6
100986	77
100987	19
100988	51
100170	17
100235	12
100239	5
100280	5
100281	5
100333	1
100667	4
100822	1
100945	1
100955	7
100989	6
100990	115
100991	32
100992	115
100993	112
100995	473
100997	6
100998	5
100999	13
101000	2
101002	111
101003	3
101005	173
101007	16
101008	5
101009	25
101012	20
101013	1
101014	345
101015	4
101016	12
101017	7
101018	248
101019	334
101020	5
101021	39
101022	8
101024	282
101026	70
101027	4
101028	28
101029	3
101030	114
101031	1
101032	114
101033	110
101034	429
101036	13
101040	1
101041	111
101042	3
101043	15
101045	111
101048	108
101049	49
101050	3
101051	5
101053	113
101054	21
101055	114
101056	111
101057	12
101058	350
101060	1
101061	4
101062	8
101063	1
101064	16
101065	7
101066	16
101067	6
101068	20
101069	107
101070	4
101071	14
101073	107
101075	19
101076	11
101077	4
101078	112
101079	122
101081	3
101082	7
101084	3
101085	14
101086	4
101087	2
101089	27
101090	25
101091	12
101092	13
101093	32
101094	4
101095	47
101096	14
101097	35
101099	5
101101	10
101103	38
101105	8
101106	3
101107	45
101110	89
101112	9
101114	5
101115	14
101116	1
101117	19
101118	3
101119	51
101121	25
101122	8
101124	7
101126	2
101127	7
101130	111
101131	466
101132	20
101133	53
101135	2
101139	18
101140	13
101141	22
101142	7
101143	7
101144	22
101145	4
101146	4
101147	3
101148	6
101149	18
101150	2
101151	12
101152	37
101153	5
101156	15
101158	10
101159	340
101160	8
101161	19
101162	23
101163	20
101164	3
101165	72
101166	7
101167	13
101168	11
101169	1
101171	26
101172	7
101173	99
101174	22
101175	2
101176	27
101177	24
101178	4
101179	112
101180	111
101181	33
101182	112
101183	112
101186	7
101187	10
101188	114
101189	7
101191	109
101192	2
101193	10
101194	15
101195	18
101196	10
101197	82
101199	109
101202	10
101203	12
101204	111
101206	1
101207	8
101208	77
101209	4
101210	6
101211	116
101212	6
101213	69
101214	5
101216	8
101217	1
101218	5
101219	29
101220	370
101221	114
101222	110
101223	2
101224	9
101225	111
101226	111
101227	3
101228	9
101229	113
101231	111
101232	12
101233	120
101234	103
101235	10
101236	6
101237	10
101238	13
101239	112
101242	48
101244	5
101245	11
101246	18
101249	2
101250	3
101251	58
101252	17
101253	5
101254	8
101256	3
101259	54
101260	9
101261	5
101262	20
101263	38
101264	10
101266	10
101267	19
101268	12
101269	375
101270	107
101271	133
101272	15
101273	111
101276	26
101277	137
101278	111
101280	5
101281	371
101282	118
101283	69
101284	6
101285	1
101286	7
101287	25
101288	2
101289	1
101291	11
101292	25
101293	1
101294	7
101297	16
101299	5
101300	336
101301	42
101303	6
101305	9
101306	4
101307	12
101308	10
101309	107
101310	12
101311	51
101312	112
101313	6
101316	112
101317	129
101318	9
101319	19
101320	6
101322	27
101323	10
101324	116
101328	3
101329	7
101330	3
101332	129
101333	156
101334	10
101336	1
101337	7
101338	111
101340	120
101341	2
101342	12
101343	7
101345	5
101346	3
101347	12
101348	435
101349	367
101351	74
101352	12
101353	12
101354	38
101355	4
101357	15
101358	6
101359	122
101360	107
101361	159
101364	19
101365	36
101366	4
101367	7
101368	43
101370	13
101372	10
101373	22
101374	3
101375	3
101378	5
101380	16
101384	5
101385	23
101386	123
101387	13
101390	11
101392	29
101396	4
101397	11
101398	111
101399	109
101400	154
101401	3
101402	53
101403	2
101404	124
101405	122
101406	10
101407	249
101408	346
101409	3
101410	131
101411	108
101412	104
101414	97
101415	9
101416	7
101417	9
101418	37
101420	14
101421	13
101425	2
101428	3
101429	13
101430	33
101431	70
101432	1
101433	113
101434	109
101435	66
101436	3
101437	15
101439	28
101440	447
101442	12
101444	19
101445	22
101446	8
101448	112
101449	7
101450	8
101451	4
101454	24
101456	16
101457	16
101458	10
101459	9
101460	111
101462	27
101463	18
101464	489
101465	111
101466	2
101467	14
101470	24
101471	6
101472	3
101473	112
101474	120
101476	130
101477	8
101478	12
101479	12
101480	14
101481	4
101483	10
101484	313
101487	15
101488	38
101490	42
101493	3
101494	31
101495	111
101496	111
101497	69
101498	1
101499	18
101500	2
101502	110
101503	111
101504	129
101505	22
101506	115
101508	329
101509	40
101510	40
101512	12
101513	2
101516	5
101517	1
101519	13
101520	11
101521	12
101522	4
101525	11
101526	7
101528	15
101529	2
101530	3
101532	28
101533	13
101538	112
101540	14
101541	21
101542	201
101543	13
101544	5
101546	31
101547	14
101548	33
101549	3
101550	11
101552	107
101553	112
101554	10
101555	3
101557	378
101558	4
101560	3
101561	29
101562	2
101563	76
101564	1
101566	1
101567	151
101568	13
101570	3
101571	1
101572	2
101574	10
101575	10
101578	1
101581	2
101582	13
101583	4
101584	108
101585	23
101586	7
101587	6
101588	11
101589	41
101590	9
101591	10
101592	27
101593	4
101594	6
101596	6
101598	307
101600	75
101601	14
101602	111
101603	3
101604	28
101605	10
101606	10
101607	113
101608	51
101609	10
101610	133
101612	121
101613	123
101615	3
101616	7
101618	1
101619	4
101621	12
101623	10
101624	342
102386	10
102387	11
102388	3
102389	10
102391	304
102392	3
102393	11
102394	23
102397	5
102399	89
102400	3
102401	14
102402	1
102403	30
102405	9
102406	20
102407	5
102408	20
102409	279
102412	25
102414	110
102415	5
102416	16
102417	3
102418	12
102419	1
102420	277
102421	109
102422	21
102423	32
102430	5
102431	3
102435	3
102436	21
102437	14
102438	11
102439	21
102440	89
102443	50
102444	7
102445	6
102446	1
102447	9
102448	53
102449	3
102450	1
102451	325
102452	20
102453	7
102454	7
102457	85
102461	74
102463	2
102464	3
102465	108
102466	4
102467	7
102468	5
102469	5
102470	2
102471	11
102473	108
102474	15
102542	3
102546	4
102547	4
102550	3
102551	31
102552	15
102555	7
102558	12
102560	2
102561	2
102562	2
102564	30
102566	2
102567	9
102570	4
102574	1
102575	7
102576	7
102578	10
102580	10
102582	7
102583	17
102585	8
102590	22
102591	2
102594	1
102596	3
102599	16
102603	5
102604	20
102605	3
102615	1
102616	4
102617	5
102619	8
102621	2
102631	31
102633	4
102637	3
102638	19
102639	9
102642	6
102645	7
102646	6
102658	3
102660	5
102664	10
102665	4
102666	4
102667	125
102669	146
102671	8
102672	43
102676	110
102678	110
102680	11
102684	8
102688	54
102689	36
102690	4
102694	2
102696	6
102698	40
102711	108
102718	19
102719	6
102723	3
102728	6
102732	1
102733	15
102734	14
102741	3
102744	19
102747	27
102748	29
102753	14
102757	15
102762	2
102767	17
102770	107
102774	106
102778	2
102780	10
102782	4
102783	39
102785	1
102791	2
102792	13
102793	8
102796	7
102798	4
102799	110
102802	12
102805	25
102806	4
102807	17
102808	38
102809	5
102811	2
102812	5
102814	5
102815	12
102817	6
102819	5
102822	3
102826	8
102829	6
102830	31
102831	6
102832	12
102833	6
102835	27
102837	6
102840	21
102843	10
102845	31
102846	8
102849	13
102850	2
102851	4
102854	14
102855	7
102858	16
102859	3
102860	27
102862	2
102864	12
102865	2
102868	4
102873	1
102874	9
102875	11
102876	24
102878	17
102882	3
102883	6
102885	3
102886	3
102888	5
102890	5
102891	4
102894	2
102895	4
102896	4
102898	6
102899	4
102901	7
102903	9
102904	9
102905	9
102908	5
102909	3
102910	30
102913	8
102916	7
102917	3
102921	5
102925	6
102926	9
102927	64
102932	12
102935	4
102936	3
102937	11
102940	7
102941	4
102942	2
102949	6
102950	2
102951	15
102953	5
102955	8
102957	9
102958	14
102960	6
102962	13
102963	4
102964	2
102965	162
102971	14
102972	14
102973	4
102974	23
102975	16
102978	3
102979	24
102981	7
102983	3
102984	2
102985	2
102986	40
102987	2
102988	25
102989	17
102990	9
102992	11
102994	9
102996	2
103036	3
103037	23
103038	4
103042	312
103044	6
103048	7
103053	1
103055	16
103056	10
103058	6
103059	4
103060	6
103061	6
103062	108
103063	17
103064	7
103068	2
103069	43
103071	69
103075	3
103079	84
103081	19
103088	13
103089	3
103090	5
103091	4
103095	107
103096	7
103098	6
103101	9
103102	17
103103	2
103104	40
103105	4
103106	371
103108	23
103111	13
103112	1
103114	8
103116	5
103118	5
103120	2
103121	3
103123	3
103125	1
103133	16
103134	32
103135	4
103136	6
103137	9
103138	11
103140	107
103142	7
103145	5
103147	30
103148	4
103150	15
103151	1
103152	16
103154	343
103155	2
103158	18
103160	6
103163	31
103164	2
103165	43
103167	23
103168	8
103169	9
103170	334
103430	108
103431	9
103432	2
103433	107
103435	107
103436	3
103437	107
103438	2
103440	13
103441	109
103444	3
103445	27
103446	107
103448	15
103449	110
103450	5
103451	30
103452	109
103453	107
103454	40
103455	109
103456	107
103457	107
103458	106
103459	5
103462	10
103463	4
103464	16
103465	2
103466	5
103467	35
103469	15
103470	1
103474	12
103479	2
103481	6
103483	3
103496	2
103497	2
103498	3
103499	3
103501	20
103507	5
103508	51
103511	11
103512	4
103514	14
103515	4
103517	10
103518	6
103521	7
103522	4
103530	18
103531	22
103532	10
103533	14
103534	14
103535	12
103537	16
103541	8
103546	8
103550	28
103553	5
103555	13
103556	7
103558	13
103560	54
103561	26
103562	4
103566	13
103571	8
103572	5
103573	8
103575	26
103576	34
103578	6
103579	31
103580	15
103581	9
103584	13
103585	7
103587	2
103588	35
103590	5
103591	19
103592	4
103593	47
103602	14
103603	15
103605	5
103607	25
103608	10
103609	2
103610	2
103612	2
103619	21
103620	7
103621	7
103622	43
103623	5
103624	20
103625	13
103626	16
103627	15
103628	7
103629	15
103630	67
103634	1
103637	3
103638	39
103640	8
103641	29
103642	5
103644	10
103645	9
103647	6
103649	6
103651	14
103652	4
103653	9
103655	150
103657	23
103659	24
103661	990
103662	224
103672	246
103673	77
103676	166
103677	155
103678	166
103679	348
103682	106
103684	538
103688	21
103690	8
103691	54
103692	134
103693	137
103696	146
103697	460
103698	93
103699	248
103700	172
103702	103
103704	41
103705	4
103707	137
103713	9
103714	113
103715	87
103716	33
103717	4
103719	657
103720	288
103721	6
103722	33
103723	7
103725	17
103726	141
101001	4
101137	8
101248	3
101290	3
101356	11
101379	3
101391	6
101395	46
101423	5
101518	1
101569	2
102395	2
102544	1
102607	1
102620	3
102682	3
102683	3
102687	3
102699	4
102788	49
102818	2
102824	2
102841	5
102847	5
102915	2
102952	3
103035	5
103109	3
103119	3
103130	3
103139	3
103153	7
103442	15
103475	2
103476	1
103477	1
103486	1
103491	3
103519	5
103527	4
103536	3
103633	3
103728	3
103729	66
103730	65
103732	4
103733	12
103734	19
103735	87
103736	150
103737	422
103738	104
103740	81
103741	31
103744	168
103745	333
103746	336
103747	54
103748	3
103752	488
103753	16
103767	22
103768	204
103769	3
103770	11
103773	205
103774	9
103780	10
103786	1
103787	3
103788	8
103789	106
103794	10
103796	4
103798	1
103799	2
103800	48
103819	11
103820	11
103821	16
103822	2
103823	2
103824	2
103825	5
103826	4
103828	4
103829	49
103830	38
103832	11
103834	4
103836	6
103837	11
103838	8
103839	7
103842	5
103844	7
103845	6
103846	3
103847	10
103848	7
103850	21
103851	21
103854	1
103855	108
103856	4
103857	41
103858	3
103859	3
103860	10
103861	7
103862	5
103866	4
103867	11
103868	11
103869	11
103870	15
103871	2
103872	2
103875	2
103876	2
103877	2
103878	2
103881	13
103885	10
103886	7
103887	13
103888	13
103890	11
103891	10
103892	12
103893	12
103894	1
103895	5
103896	16
103897	10
103900	24
103903	1
103906	7
103907	2
103908	2
103909	1
103910	6
103911	1
103913	23
103914	41
103916	11
103917	11
103923	1
103924	2
103925	13
103930	3
103931	5
103932	3
103933	3
103935	3
103937	6
103940	8
103945	16
103946	5
103947	47
103950	17
103951	18
103952	2
103954	8
103955	11
103958	67
103960	51
103966	18
103967	613
103968	86
103969	46
103970	6
103971	11
103972	505
103974	20
103975	363
103976	380
103979	23
103982	126
103990	499
103996	239
103997	54
104003	397
104004	70
104008	325
104009	367
104010	50
104011	367
104012	4
104013	420
104017	250
104020	3
104023	1
104062	39
104063	69
104064	22
104065	21
104066	32
104067	66
104068	44
104069	28
104071	3
104084	9
104085	5
104086	10
104087	16
104088	11
104092	2
104093	1
104094	1
104097	10
104099	1
104103	27
104104	3
104105	5
104106	26
104108	8
104109	10
104113	5
104119	4
104122	2
104124	32
104125	10
104126	109
104129	3
104131	10
104133	3
104134	3
104135	5
104136	1
104137	1
104138	25
104139	17
104140	12
104141	2
104143	27
104144	6
104145	8
104146	5
104148	28
104149	6
104150	25
104151	43
104152	30
104153	17
104154	31
104156	3
104157	10
104158	2
104159	2
104160	6
104170	7
104173	7
104175	320
104176	289
104177	2
104178	323
104180	480
104181	70
104183	11
104192	6
104196	9
104197	24
104198	14
104199	3
104200	5
104202	5
104205	10
104206	36
104207	21
104208	2
104215	20
104216	13
104218	13
104219	9
104220	3
104223	13
104224	10
104226	3
104227	3
104230	9
104232	3
104233	8
104235	6
104236	1
104241	6
104242	6
104243	6
104244	2
104245	107
104246	10
104247	12
104248	16
104249	6
104250	12
104251	17
104252	3
104253	3
104256	5
104257	11
104258	11
104260	37
104261	15
104262	9
104263	6
104265	2
104266	29
104268	5
104269	3
104270	22
104272	106
104275	11
104279	2
104280	7
104281	63
104282	68
104283	273
104284	41
104285	43
104286	48
104287	87
104288	166
104289	64
104290	378
104291	5
104292	331
104293	277
104294	283
104295	230
104296	127
104297	61
104298	44
104299	109
104300	35
104301	725
104302	735
104303	337
104304	791
104305	95
104312	106
104313	106
104314	106
104315	106
104316	110
104317	106
104318	106
104319	106
104320	106
104321	3
104322	40
104326	4
104327	2
104329	90
104330	14
104331	2
104332	2
104333	2
104335	7
104356	1
104358	5
104359	10
104367	3
104368	18
104370	3
104372	3
104377	4
104378	30
104379	2
104380	31
104382	21
104383	6
104384	2
104385	7
104390	5
104392	11
104393	3
104397	8
104399	23
104401	1
104402	14
104403	2
104404	2
104407	4
104408	4
104409	3
104414	4
104416	2
104419	3
104421	11
104422	12
104423	11
104425	4
104429	1
104430	24
104436	5
104437	2
104438	7
104439	4
104440	4
104447	15
104448	16
104449	24
104451	4
104453	4
104457	6
104462	9
104463	1
104465	5
104466	18
104468	17
104469	3
104474	5
104480	68
104483	11
104486	120
104487	293
104491	4
104492	12
104493	2
104494	2
104495	2
104496	2
104499	12
104501	4
104503	16
104504	25
104505	3
104506	3
104509	8
104512	11
104513	3
104516	1
104517	7
104521	3
104522	5
104524	2
104525	5
104526	3
104527	2
104528	2
104530	13
104532	21
104533	8
104534	8
104535	8
104536	8
104537	8
104538	8
104539	8
104540	8
104541	7
104542	8
104543	6
104544	5
104545	18
104547	11
104551	3
104555	3
104558	8
104559	16
104560	21
104561	5
104564	2
104565	14
104566	9
104568	8
104569	1
104570	14
104573	37
104577	8
104578	2
104580	11
104581	11
104582	20
104589	1
104592	7
104594	5
104595	8
104596	2
104597	5
104598	32
104599	8
104600	9
104602	2
104603	6
104604	8
104605	10
104606	2
104607	16
104608	1
104609	1
104610	15
104611	46
104612	16
104613	7
104614	31
104615	18
104616	2
104617	57
104618	22
104619	1
104620	4
104621	17
104622	1
104623	10
104625	1
104626	1
104627	1
104628	2
104629	5
104631	8
104632	9
104633	20
104634	2
104635	1
104636	4
104637	5
104639	5
104640	2
104643	5
104644	4
104645	2
104648	15
104649	3
104650	12
104653	2
104654	1
104656	1
104657	1
104658	4
104659	8
104660	4
104663	2
104666	3
104668	3
104669	22
104670	1
104671	3
104672	9
104673	7
104674	5
104678	93
104679	332
104680	565
104681	113
104682	155
104683	204
104684	183
104685	436
104686	382
104687	335
104688	155
104689	67
104690	437
104691	152
104692	84
104693	44
104694	110
104695	5
104696	19
104697	131
104698	294
104699	233
104700	60
104701	164
104702	194
104703	184
104704	189
104705	44
104706	163
104707	321
104708	202
104709	195
104710	284
104711	130
104712	178
104713	5
104714	134
104715	29
104716	140
104717	71
104720	225
104721	25
104722	215
103749	3
103791	5
103792	3
103827	2
103843	3
103915	3
103920	5
103936	4
103948	2
103949	8
104127	6
104211	3
104228	28
104229	1
104231	2
104254	3
104336	2
104357	1
104369	3
104371	4
104435	1
104460	3
104574	1
104575	1
104638	2
104641	3
104651	5
104661	2
104667	3
104723	213
104725	40
104726	94
104727	100
104728	172
104729	69
104730	330
104731	84
104732	110
104733	81
104734	280
104735	158
104736	11
104737	138
104738	34
104739	52
104741	10
104742	113
104743	116
104744	138
104745	58
104746	377
104747	378
104748	378
104749	167
104750	223
104751	86
104752	37
104756	48
104757	59
104758	66
104759	241
104761	71
104762	99
104763	16
104764	10
104765	70
104766	123
104768	115
104769	49
104770	67
104771	7
104772	155
104773	124
104774	60
104775	78
104776	29
104777	67
104778	49
104780	24
104781	108
104782	58
104783	9
104784	96
104786	250
104787	24
104788	156
104789	30
104791	19
104792	35
104793	65
104795	3
104797	97
104798	119
104799	60
104800	70
104801	44
104802	4
104803	57
104804	45
104806	4
104807	10
104808	39
104809	18
104810	21
104811	89
104812	26
104813	8
104815	41
104816	119
104818	19
104819	102
104820	34
104821	62
104822	55
104823	1
104824	37
104825	56
104826	63
104828	70
104829	30
104830	127
104832	18
104833	13
104835	45
104837	86
104839	24
104841	6
104842	29
104844	34
104846	21
104847	3
104848	49
104849	47
104850	39
104851	7
104852	32
104853	28
104855	29
104856	171
104857	53
104858	32
104859	32
104860	75
104861	15
104863	48
104864	16
104865	56
104866	50
104867	57
104869	26
104870	3
104871	7
104872	21
104873	12
104874	28
104875	69
104877	68
104878	18
104879	20
104880	3
104881	256
104888	2
104890	38
104891	18
104893	3
104894	13
104895	33
104897	7
104899	11
104902	29
104903	13
104908	3
104909	3
104910	3
104911	48
104912	35
104913	12
104918	17
104921	20
104922	48
104923	9
104924	51
104925	3
104926	2
104929	8
104930	40
104933	13
104936	22
104938	7
104940	42
104941	8
104942	38
104943	21
104944	7
104950	18
104951	23
104952	37
104953	8
104960	13
104961	3
104963	12
104965	25
104971	10
104973	5
104974	22
104975	24
104977	9
104978	21
104979	14
104980	26
104981	31
104985	10
104987	6
104988	29
104990	16
104991	5
104994	10
104999	14
105000	24
105001	57
105004	15
105007	30
105008	21
105015	35
105018	6
105019	2
105021	18
105023	15
105024	5
105025	21
105028	16
105029	44
105030	35
105033	5
105034	5
105037	15
105038	13
105041	12
105042	19
105043	19
105044	11
105045	3
105048	4
105051	9
105055	57
105058	31
105059	11
105061	27
105062	17
105064	18
105067	32
105072	26
105074	5
105075	11
105076	20
105077	47
105078	15
105079	21
105083	65
105085	10
105086	15
105087	5
105088	19
105089	13
105090	2
105093	1
105094	6
105097	11
105102	14
105103	26
105104	37
105106	48
105107	36
105111	16
105112	19
105113	3
105114	33
105116	10
105117	30
105120	21
105121	14
105123	13
105124	224
105126	615
105128	37
105129	34
105130	10
105131	91
105132	505
105135	76
105139	82
105141	71
105169	18
105170	18
105174	6
105177	3
105178	1
105179	1
105180	1
105181	1
105183	1
105184	2
105185	4
105186	2
105188	2
105189	14
105190	6
105191	6
105192	3
105195	6
105196	8
105197	8
105204	4
105205	4
105207	1
105210	13
105211	8
105214	10
105215	10
105216	10
105217	1
105219	6
105221	3
105222	2
105223	21
105227	3
105233	9
105234	18
105235	4
105236	4
105237	20
105243	3
105244	5
105245	3
105246	5
105247	2
105345	4
105346	8
105352	1
105354	4
105412	9
105413	10
105421	9
105423	3
105424	8
105425	3
105426	13
105427	9
105434	8
105435	2
105438	2
105439	17
105440	8
105441	5
105442	4
105443	4
105444	4
105445	5
105451	3
105452	3
105468	7
105470	6
105473	2
105474	2
105477	3
105479	1
105480	2
105483	1
105488	7
105489	17
105490	18
105492	23
105495	28
105496	3
105501	3
105505	14
105506	8
105508	6
105509	14
105510	37
105564	14
105565	41
105566	5
105567	92
105568	31
105569	16
105570	12
105571	7
105572	11
105579	5
105580	5
105586	1
105588	16
105591	6
105592	3
105593	3
105595	5
105601	6
105602	4
105603	4
105604	2
105605	2
105606	2
105607	2
105610	5
105611	5
105612	3
105617	3
105625	3
105630	5
105640	6
105641	23
105642	23
105643	13
105644	16
105645	12
105649	3
105652	5
105654	11
105660	6
105661	12
105662	5
105663	1
105664	8
105666	8
105673	7
105674	2
105675	4
105676	7
105680	4
105682	4
105691	195
104916	1
104937	6
105011	7
105036	6
105171	1
105202	3
105218	2
105228	1
105229	1
105230	1
105231	1
105484	8
105487	4
105647	2
105651	4
